
null
time;Actual speed;power;absolute resistance
0.0;14.8;39.0;250
0.872417991;15.8;96.0;250
1.7474073;17.2;131.0;250
2.62252397;20.2;146.0;250
3.497383916;24.5;170.0;250
4.372278079;25.6;193.0;250
5.247241297;26.6;182.0;250
6.122195325;26.2;186.0;250
6.997149532;27.1;186.0;250
8.622191304;27.5;205.0;250
9.497114243;28.7;195.0;250
10.371987072;28.9;207.0;250
11.246996257;29.3;208.0;250
12.121976194;29.7;201.0;250
12.996813365;29.8;208.0;250
13.871762398;29.8;216.0;250
14.746526909;30.1;211.0;250
15.621518287;30.7;212.0;250
16.496363041;30.9;213.0;250
17.371557388;30.7;216.0;250
18.246488431;30.3;214.0;250
19.121496795;30.3;203.0;250
19.996391897;30.2;213.0;250
20.871386454;30.0;222.0;250
21.746445587;30.6;224.0;250
22.621471765;31.2;214.0;250
23.496525067;31.4;213.0;250
24.371530154;30.8;216.0;250
25.246493253;30.5;215.0;250
26.121455602;30.3;208.0;250
27.121471858;30.5;213.0;250
28.871544151;31.0;213.0;250
29.746588262;31.8;223.0;250
30.62158461;33.0;229.0;250
31.49655611;33.4;233.0;250
32.371547336;33.3;229.0;250
33.246661577;33.5;231.0;250
34.121619306;33.3;233.0;250
34.996614452;33.3;238.0;250
35.871567622;33.3;238.0;250
36.7465956;33.3;238.0;250
37.621593129;33.4;240.0;250
38.49668824;33.4;236.0;250
39.371675641;34.7;249.0;250
40.246636587;36.4;267.0;250
41.121647849;35.9;257.0;250
41.996650394;35.9;258.0;250
42.87171562;36.0;257.0;250
43.746728806;36.3;255.0;250
44.621730333;36.3;251.0;250
45.496744192;36.3;252.0;250
46.371820132;36.2;251.0;250
47.246783675;36.2;251.0;250
48.12176068;36.3;258.0;250
48.996769121;36.1;256.0;250
49.871747412;36.3;259.0;250
50.746737042;36.5;266.0;250

null
Actual speed;power;absolute resistance
0.0;54.0;0
14.3;74.0;0
18.9;66.0;0
21.0;56.0;0
21.3;66.0;0
23.4;63.0;0
23.7;64.0;0
23.9;76.0;0
25.6;79.0;0
26.8;81.0;0
28.5;88.0;0
29.7;95.0;0
30.9;109.0;0
33.0;104.0;0
34.1;109.0;0
35.1;105.0;0
35.3;121.0;0
37.0;130.0;0
39.3;146.0;0
41.9;131.0;0
41.8;142.0;0
42.8;142.0;0
43.9;154.0;0
45.4;160.0;0
47.3;178.0;0
50.2;192.0;0
53.3;209.0;0
56.4;204.0;0
57.0;223.0;0
59.5;253.0;0
63.8;285.0;0
66.6;398.0;0
68.3;442.0;0
69.2;481.0;0
69.6;532.0;0
70.3;557.0;0
70.4;435.0;0
67.3;242.0;0
61.1;208.0;0
55.3;180.0;0
50.4;155.0;0
45.0;134.0;0
40.8;127.0;0
40.1;128.0;0
40.2;137.0;0
40.8;128.0;0
36.5;104.0;0
34.4;102.0;0
33.6;93.0;0
32.0;104.0;0
32.6;91.0;0
30.5;82.0;0
28.9;77.0;0
26.9;71.0;0
25.5;66.0;0
23.5;61.0;0
22.2;62.0;0
22.5;67.0;0
23.6;77.0;0
24.7;60.0;0
21.8;54.0;0
20.2;48.0;0
18.2;40.0;0
15.7;36.0;0

null
Actual speed;power;absolute resistance
0.0;0.0;1000
26.8;76.0;1000
17.0;342.0;1000
10.1;165.0;1000
7.7;108.0;1000
7.4;95.0;1000
7.7;67.0;1000
6.3;58.0;1000
5.7;43.0;1000
6.6;61.0;1000
6.9;71.0;1000
7.2;80.0;1000
7.3;78.0;1000
7.3;84.0;1000
7.6;98.0;1000
7.6;94.0;1000
7.5;87.0;1000
7.3;84.0;1000
7.7;108.0;1000
7.8;114.0;1000
7.9;115.0;1000
7.8;110.0;1000
7.6;103.0;1000
7.4;93.0;1000
7.6;96.0;1000
7.6;109.0;1000
7.7;108.0;1000
7.7;89.0;1000
7.4;77.0;1000
7.2;97.0;1000
7.5;99.0;1000
7.6;103.0;1000
7.6;110.0;1000
7.8;111.0;1000
7.8;114.0;1000
7.8;112.0;1000
7.9;112.0;1000
7.8;113.0;1000
7.8;121.0;1000
8.1;128.0;1000
8.2;106.0;1000
8.0;68.0;1000
7.2;63.0;1000
6.7;96.0;1000
