
null
time;Actual Speed;Virtual Speed
0.0;0.0;0.0
0.873756774;7.4;0.15432336326645266
1.748688768;6.1;0.657263174939536

null
time;Actual Speed;Virtual Speed
0.0;13.7;0.27510097568907654
0.873656129;12.8;0.8567784659993278
1.748678115;8.2;1.6450834324443462
5.321695564;15.8;2.3932424908296204
6.196776308;21.2;2.573487882150507
7.071638865;16.6;2.8998885412831132
7.946614033;11.4;3.644844895205851
8.821593883;8.6;4.089801821750333
9.696668413;8.8;4.352813161455607
10.571613555;8.4;4.580078922072243
11.446593652;7.3;4.731413505192242
12.321539902;7.8;4.8160547085056455
13.196413908;7.5;4.983135896099913
14.071343678;6.5;5.072417690987207
14.9462001;7.7;5.098237800444011
15.821133344;7.3;5.242319905292481
16.696000397;6.8;5.300737440964667
17.571004991;7.7;5.379610648933152
18.445939586;7.3;5.46362730499631
19.321061546;7.5;5.504177448994116
20.196024611;8.4;5.577626899808618
21.071024521;8.4;5.697549625296108
21.945976886;8.6;5.816060397436858
22.820981184;8.6;5.949131364274668
23.695974269;8.4;6.069580903281883
24.571011306;8.2;6.167469465867146
25.446059353;8.1;6.266981930199209
26.321066655;8.1;6.348435918295538
27.196091815;8.2;6.419029182621376
28.071023629;7.2;6.498692071451766
28.946051748;7.4;6.500646525463095
29.820976258;7.6;6.5617217787559765
30.696110087;6.1;6.613410454135461
30.821059248;6.1;6.59501523569114

null
time;Actual Speed;Virtual Speed;Absolute Resistance
0.0;0.0;0.0;11.788291900561347
0.872034041;18.0;0.24827571228842787;11.788291900561347
1.746963201;21.4;1.0793115942254434;11.788291900561347
2.621928977;23.5;1.6730562233133524;11.81502272119754
3.49679727;25.1;2.1232194448929054;11.81502272119754
4.371772202;27.6;2.432973790836551;11.81502272119754
5.246748828;28.0;2.794366028612612;11.81502272119754
6.121745486;28.2;3.078969621111662;11.81502272119754
6.996703462;29.0;3.333378981502925;11.841753541833734
7.871688737;29.8;3.5424555355892626;11.841753541833734
8.746714067;30.2;3.7797307220132095;11.841753541833734
9.621778067;32.3;4.00191757385719;11.841753541833734
10.49654818;35.5;4.249125033623634;11.841753541833734
11.371500932;37.8;4.481077267845358;11.868484362469928
12.246590955;40.6;4.742696740076461;11.868484362469928
13.121472368;43.7;5.0120664505952455;11.868484362469928
13.996413121;46.4;5.292394292905067;11.89521518310612
14.871157955;48.4;5.540409058424297;11.89521518310612
15.746105689;49.4;5.80567327605967;11.89521518310612
16.621038705;51.0;6.054139294475663;11.921946003742315
17.496108427;55.4;6.30479491168302;11.921946003742315
18.37107265;59.4;6.5562275804069445;11.948676824378508
19.246104854;63.5;6.848525367470521;11.948676824378508
20.121038691;66.0;7.159413853652959;11.975407645014702
20.996048331;62.3;7.556802362647357;11.975407645014702
21.871149718;56.4;7.788992710336434;12.002138465650896
22.74615649;50.9;7.957384192494008;12.002138465650896
23.621096491;46.2;8.075774085489513;12.002138465650896
24.496122518;41.2;8.145303146378522;12.002138465650896
25.371136136;36.5;8.177363146834205;12.002138465650896
26.246126815;32.0;8.182031998539836;12.002138465650896
27.121136808;28.2;8.163706033989492;12.002138465650896
27.996062757;24.1;8.119821516855051;12.002138465650896
28.871186038;23.6;8.066437116600184;12.002138465650896
29.746156436;26.9;8.008538358626394;12.002138465650896
30.621153207;30.0;7.995581234706461;12.002138465650896
31.496107848;32.8;7.985897889406018;12.002138465650896
32.371100723;36.7;7.990359820275286;12.002138465650896
33.246206354;41.4;8.018008172777964;12.002138465650896
34.121224763;38.2;8.08482137269228;12.002138465650896
34.996173349;40.4;8.107406307763462;12.002138465650896
35.871164402;44.7;8.146447251451695;12.002138465650896
36.746148058;42.2;8.220025510907695;12.002138465650896
37.621169821;37.6;8.258095853386415;12.028869286287089
38.496264482;33.7;8.262970741210452;12.028869286287089
39.37124265;29.8;8.246929920953612;12.028869286287089
40.246265919;33.0;8.209765743576348;12.002138465650896
41.12122084;38.1;8.218632991909878;12.002138465650896
41.996178172;45.5;8.264209351716403;12.028869286287089
42.871334657;55.5;8.351735008218029;12.028869286287089
43.746273094;64.6;8.515775396027266;12.028869286287089
44.621290721;68.4;8.78673564533845;12.055600106923283
45.496298808;69.3;9.181541495774399;12.055600106923283
46.371243591;65.7;9.68753380340853;12.10906174819567
47.246237283;60.0;9.986603424009262;12.10906174819567
48.121322989;54.3;10.036548398380928;12.10906174819567
48.996353002;48.7;10.046534674577629;12.10906174819567
49.87131298;44.0;10.026800087147114;12.10906174819567
50.746290673;38.9;9.97880494979772;12.10906174819567
51.621308895;34.0;9.903584054710679;12.10906174819567
52.496268188;29.3;9.82064994606295;12.10906174819567
53.371281279;26.5;9.713027773395485;12.10906174819567
54.246389591;31.2;9.595828726888783;12.082330927559475
55.12136983;35.0;9.519253951975426;12.082330927559475

null
time;Actual Speed;Virtual Speed;Absolute Resistance
0.0;9.2;0.8308353757046154;27
0.873825495;8.0;2.4559655752668133;28
1.748776133;11.9;3.775118123698623;29
2.623735267;18.9;5.8700659242898885;31
3.498612379;23.6;7.7786373141741185;35
4.373566209;30.1;9.137009332017438;37
5.24844068;35.3;10.748602359142353;41
6.123372699;39.5;12.24619808459761;45
6.998440742;41.4;13.705293984130503;50
7.873481826;42.7;14.867180423171597;54
8.748414884;45.2;16.058628299217396;58
9.623338497;50.9;17.30000014086448;63
10.498357634;53.1;18.68102295058458;69
11.373312144;53.4;19.760708524454284;74
12.248328883;54.8;20.8869509784762;79
13.123112161;56.9;21.955347419089364;85
13.998137844;59.3;23.045400899321542;91
14.872775865;61.8;24.00119554388117;96
15.747714204;63.3;25.05945935269338;102
16.624112725;64.1;26.070630940117976;108
17.497810131;65.1;27.117445334507774;115
18.372776632;66.3;28.091361073889253;121
19.247745504;66.7;29.332239592577253;129
20.122739127;67.3;30.664515919753676;139
20.99774819;66.4;31.9918776769328;149
21.8728589;65.4;32.943384936880456;156
22.747836103;64.2;33.862645594975056;163
23.622854011;64.5;34.59406675874648;169
24.497803066;64.9;35.31839703973647;175
25.372805;64.8;36.016322999625814;181
26.247808962;64.4;36.764516683951626;187
27.122781933;63.3;37.47634739790985;194
27.99790051;63.1;38.01984755028236;198
28.872869066;62.8;38.500065925436594;203
29.747827603;62.2;39.02335727247809;208
30.622825964;61.1;39.51305293475538;212
31.497808177;60.8;39.95569541379938;216
32.372819424;60.5;40.34793901090149;220
33.247923025;60.1;40.778829437728604;224
34.123086654;60.0;41.181666104387304;228
34.997884196;59.6;41.588960981136275;232
35.872883595;59.3;41.940974552009216;235
36.747869067;59.3;42.30691315104764;239
37.622970086;59.2;42.693155771460276;243
38.497904724;59.7;43.01379040373324;246
39.372955805;59.3;43.39842795249735;250
40.247928889;59.0;43.75569343831191;254
41.122878341;58.4;44.08167772735233;257
41.997868372;58.9;44.357949286293874;260
42.873040871;58.8;44.698331519856964;264
43.748010225;58.1;45.00517184626185;267
44.622960757;57.8;45.30332836721152;270
45.497985638;57.1;45.547794571496304;273
46.372955307;56.8;45.796102272019986;275
47.24792894;56.7;46.044940556358355;278
48.12289014;56.7;46.289624078242376;281
48.998021833;56.8;46.491584626041956;283

null
time;Actual Speed;Virtual Speed;Absolute Resistance
0.0;21.6;0.0;27
0.873634787;22.9;21.6;83
1.748625382;27.0;22.9;90
2.623619153;31.8;27.0;114
3.498438788;33.8;31.8;147
4.373539835;35.7;33.8;163
5.248429721;39.1;35.7;178
6.12335057;44.1;39.1;208
6.998266898;47.1;44.1;257
7.873275036;47.9;47.1;290
8.748395074;48.7;47.9;298
9.623332599;48.3;48.7;308
10.498352418;48.1;48.3;303
11.373105301;47.7;48.1;301
12.248084251;47.2;47.7;296
13.1229802;47.1;47.2;291
13.998107336;47.8;47.1;290
14.872763777;47.2;47.8;297
15.747722243;46.4;47.2;291
16.624303388;46.5;46.4;282
17.497642478;46.8;46.5;283
18.372607682;47.3;46.8;286
19.247748371;49.6;47.3;292
20.122746428;50.4;49.6;318
20.997689212;48.7;50.4;327
21.872705403;48.0;48.7;308
22.747803694;46.3;48.0;300
23.622809633;45.3;46.3;281
24.49773529;45.0;45.3;270
25.372788941;45.6;45.0;267
26.247731744;46.6;45.6;273
27.122795624;46.4;46.6;284
27.99769716;45.6;46.4;282
28.872815055;44.9;45.6;273
29.747824658;44.1;44.9;266
30.622790849;43.6;44.1;257
31.497908129;45.0;43.6;252
32.372790982;44.9;45.0;267
33.247732599;44.7;44.9;266
34.122861053;44.1;44.7;264
34.99785832;43.5;44.1;257
35.872853849;44.1;43.5;251
36.74782317;43.8;44.1;257
37.622824;43.8;43.8;254
38.497965706;42.5;43.8;254
39.372924747;42.3;42.5;241
40.247896533;42.6;42.3;239
41.122869336;43.0;42.6;242
41.997831709;43.2;43.0;246
42.87297319;43.0;43.2;248
43.747964537;43.0;43.0;246
44.622944962;43.3;43.0;246
45.497912421;44.3;43.3;249
46.372854572;44.5;44.3;259
47.248000625;44.2;44.5;261
48.122997122;44.0;44.2;258
48.99797018;43.5;44.0;256
49.872978542;43.8;43.5;251
50.747968836;43.7;43.8;254
51.623008676;44.1;43.7;253

null
time;Actual Speed;Virtual Speed;Absolute Resistance
0.0;17.1;0.0;27
0.874278053;19.2;17.1;62
1.749375343;24.2;19.2;71
2.62426097;30.5;24.2;97
3.499313105;33.5;30.5;138
4.374282756;35.0;33.5;160
5.249126943;37.2;35.0;172
6.124114126;38.7;37.2;191
6.999050824;40.1;38.7;205
7.874147763;42.7;40.1;218
8.749152766;45.9;42.7;243
9.624129751;49.2;45.9;276
10.499094826;48.6;49.2;313
11.37395882;46.4;48.6;306
12.249072156;44.5;46.4;282
13.123900423;42.7;44.5;261
13.998903262;43.1;42.7;243
14.873552528;45.2;43.1;247
15.748537135;47.2;45.2;269
16.625207979;49.2;47.2;291
17.498629742;49.2;49.2;313
18.373558158;48.1;49.2;313
19.248533605;47.7;48.1;301
20.123509713;47.8;47.7;296
20.99852469;47.5;47.8;297
21.873660916;47.3;47.5;294
22.748636955;47.3;47.3;292
23.623667253;44.2;47.3;292
24.498599007;33.5;44.2;258
25.373599765;23.8;33.5;160
26.248710224;17.8;23.8;95
27.123683756;17.1;17.8;65
27.998633804;23.9;17.1;62
28.873671828;30.9;23.9;95
29.748626858;39.4;30.9;141
30.623774425;46.0;39.4;211
31.498731094;51.9;46.0;277
32.373737138;53.3;51.9;345
33.248720907;52.6;53.3;363
34.123698484;51.5;52.6;354
34.998686014;48.3;51.5;341
35.873653268;45.1;48.3;303
36.748782487;40.5;45.1;268
37.623750136;36.3;40.5;221
38.498763181;35.4;36.3;183
39.373726177;36.4;35.4;176
40.248699939;37.6;36.4;184
41.123825633;31.4;37.6;195
41.998791625;25.4;31.4;144
42.873820857;22.5;25.4;104
43.7487823;26.9;22.5;88
44.623770022;30.6;26.9;113
45.498919965;33.7;30.6;138
46.373869114;30.2;33.7;162
47.248857296;28.9;30.2;136
48.123807348;32.3;28.9;126
48.998839589;40.4;32.3;151
49.873803779;46.0;40.4;220
50.748929836;50.5;46.0;277
51.623910867;52.2;50.5;329
52.498911716;50.2;52.2;349
53.374025142;48.2;50.2;325
54.248997256;45.2;48.2;302
55.12397185;42.6;45.2;269
55.998936161;39.1;42.6;242
56.873968386;35.9;39.1;208
57.748859025;31.6;35.9;180
58.62390899;24.8;31.6;146

null
time;Actual Speed;Virtual Speed;Absolute Resistance
0.0;0.0;0.0;250
0.862434415;16.3;1.0783301182802298;250
1.737534815;17.2;4.702125520362418;250
2.612513731;20.2;7.327458077610037;250
3.487203321;23.3;9.873962336553747;250
4.362113644;24.4;12.030161655728435;250
5.23628986;27.6;14.16267308177307;250
6.110681032;32.4;16.065299137353662;250
6.986694987;36.5;18.178891046108294;250
7.861852925;40.9;19.942148779240945;250
8.73674497;44.0;21.957388131773918;250
9.611760931;48.1;23.874083519349973;256
10.486698964;51.0;25.75969362565992;301
11.360667334;45.1;27.38659397616122;335
12.236431126;41.2;28.80752726497431;268
13.111243083;40.5;30.183403353008224;250
13.986237297;40.2;31.228705770472622;250
14.860595377;39.1;31.92786087003192;250
15.735390449;38.6;32.59022788295016;250
16.610457695;38.2;33.22495071723629;250
17.484954369;38.3;33.805597033636396;250
18.360423767;38.8;34.279258338728944;250
19.235353031;38.7;34.77718767829346;250
20.110322095;38.0;35.25477649721516;250
20.985055462;38.2;35.68099656002245;250
21.860287976;38.2;36.055788184176286;250
22.735305969;38.1;36.41382281566362;250
23.610159986;38.8;36.71531480206383;250
24.485490464;40.5;37.044275589749674;250
25.360404568;40.9;37.387820623692605;250
27.110394505;40.5;38.07596297066795;250
27.985506034;39.6;38.33553538292281;250
28.860369415;36.6;38.581232778568314;250
29.735154743;27.4;38.67114177512364;250
30.610448494;19.3;38.3544258753386;250
31.485384935;13.0;37.92649592257347;250
32.360401371;8.7;37.30429286583138;250

null
time;Actual Speed;Virtual Speed;Absolute Resistance
0.0;0.0;0.0;250
0.849047223;14.3;0.9624506214733755;250
1.723996592;17.6;4.247229973428296;250
3.473686382;25.9;10.100643636548652;250
4.348453807;28.6;12.585262848773162;250
6.09846607;30.6;16.822234375359457;250
6.97350387;31.1;18.51843319217486;250
7.848401481;31.5;19.84234394524931;250
8.72338305;32.4;21.249241032571007;250
9.598277956;34.8;22.641036787553485;250
10.473206986;35.8;24.063382909252148;250
12.223223311;36.9;26.36600882573734;250
13.098203824;37.4;27.458993542817424;250
13.973104266;39.0;28.457380432367813;250
15.722783789;38.9;30.26893742731643;250
16.597733097;34.5;31.08023978651751;250
17.472742248;25.9;31.497627998831547;250
18.347759727;24.9;31.576769050997413;250
19.222793608;28.9;31.85005659432092;250
20.097809329;29.1;32.197788213787696;250
20.972829248;30.2;32.56901149817958;250
21.847849838;30.9;32.915352102759485;250
22.722849508;31.4;33.250648786494764;250
23.597841795;31.6;33.59316668047099;250
25.347918344;33.2;34.3130616064229;250
26.222885131;33.3;34.69384751444454;250
27.09793231;33.9;35.00209546942595;250
27.972885504;33.6;35.29677434104925;250
28.847945986;34.2;35.52035504801862;250
29.723006182;34.5;35.78482722978773;250
30.59799568;34.4;36.03085257957695;250
32.348098924;35.5;36.45744999825306;250
33.223015608;36.6;36.72071704817468;250
34.098011112;36.9;36.983657067458594;250
34.973042263;37.8;37.19543007895091;250
35.848088644;38.0;37.463626042504586;250
36.723097507;37.9;37.74184235159778;250
37.598102792;38.0;38.01900790828045;250
38.473091262;37.9;38.259388963443364;250
39.348163736;36.0;38.48391014558439;250
40.223136059;27.1;38.592324956080475;250
41.098149482;19.2;38.282065927899986;250
41.973204484;13.2;37.84737238266477;250
42.848212094;9.0;37.23264989974933;250
