
time/seconds;speed
1.9106E-5;0.0
0.002272296;7.654190634641052
0.002344003;10.79848092627416
0.002412597;13.174106230211253
0.002479434;15.147333355298846
0.002548735;16.856894885919242
0.002614012;18.374038708328335
0.002678758;19.74129017143095
0.002744697;20.98655832450547
0.002809852;22.129417907896507
0.002874713;23.18429563191107
0.002942141;24.162242507853293
0.00300756;25.071990384714965
0.003074032;25.920616766256884
0.003143893;26.71398171919506
0.003210147;27.457025451195122
0.003276411;28.15397715737714
0.003342449;28.808505385989946
0.003407649;29.423828718007876
0.00347568;30.00279882864685
0.003540765;30.547963903481893
0.003607014;31.061617808955987
0.003672151;31.54583875543593
0.003737849;32.00252009134745
0.003804004;32.43339512324132
0.003871067;32.84005734380981
0.00393564;33.22397708998573
0.004126229;33.586515396674464
0.004195381;33.92893562609699
0.004257555;34.252413316744224
0.004319518;34.55804459511296
0.004381392;34.84685341780805
0.004443468;35.11979785436627
0.004506327;35.37777557742761
0.004568218;35.62162869318187
0.004630632;35.85214801884844
0.004692419;36.07007689347667
0.004755165;36.276114592233476
0.004817454;36.47091940157163
0.004879785;36.6551114024911
0.004941305;36.82927500094715
0.005003142;36.993961237886566
0.005065021;37.149689906073164
0.005127288;37.29695149653686
0.005201168;37.43620899394575
0.005264074;37.56789953729981
0.005326904;37.692435959955375
0.005389032;37.81020822101078
0.00545094;37.92158473844134
0.0055126;38.026913632999495
0.005574166;38.12652389074822
0.005635948;38.220726451128485
0.005700229;38.30981522664552
0.005762329;38.39406805956531
0.005823964;38.473747620422756
0.005886034;38.54910225263689
0.0059473;38.62036676709436
0.006009264;38.687763190186466
0.006071519;38.751501468459594
0.006136079;38.81178013275415
0.006199814;38.86878692445864
0.00626192;38.922699386286084
0.006323869;38.973685419786094
0.006385696;39.0219038116339
0.006448053;39.06750473058358
0.006510088;38.73432685949118
0.006572203;38.022487896871525
0.006634225;37.32468242871975
0.006696262;36.65054334054549
0.006758119;35.99910723063466
0.006835701;35.36920366953756
0.006899085;34.75973540012477
0.006961823;34.16967921167393
0.007023747;33.59807990580423
0.007088762;33.04404468394456
0.007161406;32.506738081939545
0.007224439;31.985377394166026
0.007287262;31.47922853256243
0.007348722;30.987602272767596
0.007411666;30.509850845511096
0.007473677;30.045364836521415
0.007536051;29.59357036264381
0.00759776;29.153926495691376
0.007659175;28.725922908878182
0.007720951;28.30907772357589
0.007782366;27.902935536657182
0.007843938;27.507065610892525
0.007906091;27.12106021279618
0.007967753;26.744533084009674
0.008029536;26.377118033798716
0.008091287;26.018467641550075
0.008160303;25.66825205931101
0.008224285;25.326157905435743
0.008286382;24.99188724130879
0.008347985;24.665156623917362
0.008409722;24.345696227758523
0.008471662;24.033249030201098
0.008533652;23.727570054988455
0.008595916;23.428425669072688
0.008657601;23.135592928422522
0.008719807;22.848858968850962
0.008781916;22.56802043827128
0.008845994;22.29288296711481
0.008907884;22.02326067393659
0.008969762;21.75897570349775
0.009032234;21.499857794850875
0.009093863;21.245743877168223
0.009160673;20.99647769124628
0.009223024;20.75190943479466
0.009286889;20.511895429775745
0.009357389;20.27629781020508
0.009420341;20.04498422895245
0.009483316;19.817827582202238
0.009545229;19.594705750338917
0.009608904;19.375501354121745
0.009672133;19.16010152510176
0.009735893;18.948397689315804
0.009797694;18.740285363366432
0.009859471;18.53566396206471
0.009921061;18.334436616874868
0.009985856;18.13651000445681
0.010051343;17.941794184654572
0.010113252;17.75020244732662
0.010181045;17.56165116745784
0.010243274;17.37605966803338
0.010306496;17.193350090191586
0.010373783;17.013447270207347
0.010445485;16.83627862288877
0.01051234;16.66177403099884
0.01057904;16.489865740340573
0.010641309;16.320488260168858
0.010706416;16.153578268614844
0.010769135;15.989074522829878
0.010830652;15.826917773575417
0.010894116;15.66705068400345
0.010963249;15.509417752388536
0.011030378;15.353965238588145
0.01109539;15.20064109402231
0.011160967;15.04939489497691
0.011223056;14.900177779047294
0.011285899;14.75294238455043
0.011349158;14.607642792744457
0.011494666;14.464234472704518
0.011558087;14.3226742287129
0.011620317;14.182920150030235
0.01168279;14.044931562922482
0.011744631;13.908668984825981
0.011810581;13.77409408053973
0.011873658;13.641169620340733
0.011935705;13.509859439924226
0.011998115;13.380128402076348
0.012060069;13.251942359992135
0.012122549;13.125268122156717
0.012191825;13.000073418712232
0.012254306;12.876326869237374
0.012316308;12.753997951870515
0.012381741;12.633056973711302
0.01244452;12.513475042439065
0.012506393;12.395224039089918
0.012569032;12.278276591937411
0.012630901;12.162606051424778
0.012693237;12.048186466099425
0.012755447;11.934992559503055
0.012818486;11.822999707973246
0.012881378;11.712183919314633
0.012943655;11.602521812300001
0.013005625;11.493990596963737
0.013070047;11.386568055651896
0.013135929;11.280232524795094
0.013199442;11.174962877372096
0.013261534;11.070738506033564
0.013329122;10.96753930685703
0.013391221;10.86534566370558
0.013452946;10.764138433164048
0.013515297;10.663898930027873
0.013577137;10.56460891332099
0.013640085;10.466250572820208
0.013702534;10.368806516064678
0.01376554;10.272259755830081
0.013827439;10.17659369804809
0.013895282;10.081792130152653
0.013962281;9.987839209835418
0.01403011;9.894719454193588
0.014096841;9.802417729254119
0.014167002;9.710919239859008
0.014233836;9.620209519897152
0.014300679;9.53027442286879
0.014367104;9.441100112769348
0.014433187;9.352673055279949
0.014499341;9.264980009252515
0.0145659;9.178008018477907
0.014632646;9.091744403726043
0.014699222;9.006176755047436
0.01476534;8.921292924326067
0.014831458;8.837081018073912
0.014897539;8.753529390457928
0.014977449;8.670626636550605
0.015036359;8.588361585795674
0.015095015;8.50672329568083
0.015157468;8.42570104560975
0.015215777;8.345284330965933
0.015274534;8.265462857361284
0.015333527;8.186226535062582
0.015392249;8.107565473589318
0.015450567;8.029469976476609
0.015508893;7.951930536197173
0.015568361;7.8749378292366
0.015627492;7.798482711316376
0.015686139;7.722556212759325
0.015744643;7.6471495339923745
0.015803504;7.572254041181744
0.015862496;7.497861261995812
0.01592066;7.4239628814911685
0.0159794;7.350550738117468
0.016037862;7.277616819836901
0.016096541;7.205153260354271
0.016168196;7.133152335453763
0.016226897;7.061606459438714
0.016284767;6.990508181670739
0.016342959;6.919850183204814
0.016400933;6.849625273516924
0.016459188;6.779826387321071
0.016517994;6.710446581472581
0.016576255;6.641479031954639
0.016634333;6.572917030945258
0.016692549;6.504753983961802
0.016751488;6.436983407080433
0.016810514;6.369598924227851
0.016869758;6.302594264542789
0.016928525;6.235963259804872
0.016987276;6.1696998419284315
0.017045798;6.103798040519013
0.017103406;6.0382519804903465
0.017172976;5.973055879739632
0.017232077;5.908204046879054
0.01729106;5.843690879021468
0.017349619;5.77951085961831
0.017411979;5.71565855634778
0.017471105;5.6521286190514255
0.017529873;5.588915777717297
0.017588874;5.526014840507866
0.017647545;5.463420691830962
0.017705736;5.401128290451996
0.01789762;5.33913266764579
0.017958448;5.277428925386333
0.018016662;5.21601223457283
0.018074664;5.154877833290419
0.018154887;5.0940210251039755
0.018214158;5.033437177383362
0.018272171;4.973121719658592
0.018329932;4.913070142003296
0.018388288;4.853277993444927
0.018446879;4.793740880400114
0.018504861;4.7344544651335765
0.018563278;4.6754144642389885
0.018621486;4.616616647140164
0.01867947;4.558056834610922
0.018737268;4.49973089731193
0.018795094;4.441634754342809
0.018852972;4.383764371807733
0.018912549;4.326115761392684
0.018971416;4.268684978952486
0.019033266;4.211468123105641
0.019092123;4.154461333834935
0.019154213;4.097660791091639
