
null
time;Actual Speed;Virtual Speed;Absolute Resistance
0.0;13.9;0.0;250
0.119624065;20.8;2.0580082033845537;250
0.996115025;24.3;6.209631214302985;250
1.871126423;28.6;9.754032648468309;250
2.745870241;30.4;12.656323350090172;250
3.620710589;31.2;15.084184342563907;250
4.495719758;33.0;16.9764056210971;250
5.370325587;39.2;18.943676354201614;250
6.244360845;44.5;21.15198949305825;250
7.120385212;49.6;23.26156566400553;250
7.99537564;54.2;25.118393149409272;274
8.870312523;57.0;27.195705301377895;295
9.745238079;55.3;29.051236337266293;325
10.620137346;52.8;30.799062802677607;343
11.495148857;51.8;32.20786243738827;385
12.369097773;52.0;33.79907312165413;445
13.244756671;51.6;35.41943930230182;537
14.119098116;49.5;37.137524618239375;631
14.99411272;45.0;38.653680837907714;758
15.869100561;37.3;40.37918973413357;754
16.744029625;28.4;41.83028659665725;688
17.618951521;19.7;42.86973008842376;485
18.493628344;16.4;43.33802724225204;491
19.368911841;14.4;43.77631392150621;294
20.24389412;12.3;43.38804630904061;261
21.119042067;14.2;42.752017625823136;255
21.994041742;18.1;42.206606294846345;260
22.868960652;20.7;41.722193346060976;255
23.744043211;24.8;41.2566986124131;266
24.618675097;26.1;40.96278689304371;270
25.493946634;30.2;40.757884003202356;282
26.368944703;32.0;40.65008452341982;288
27.24375937;34.1;40.59951884962088;303
28.119091499;38.0;40.67848635769833;335
28.993894375;40.4;40.882482398302265;368
29.868978248;40.9;41.24344400738674;403
30.743695946;40.9;41.70094266692149;433
31.61914787;39.1;42.15619625104803;472
32.494074396;36.8;42.730883161055445;492
33.369080644;33.3;43.28979342241128;485
34.244121052;30.0;43.75038737942924;462
35.118972057;26.4;44.05115609817562;383
36.86886575;24.1;44.07074894525222;333
37.744133011;26.7;43.907778589230695;337
38.61915887;26.1;43.783650930471296;312
39.49419074;27.1;43.53467340648272;322
40.369062957;27.0;43.3607479685706;309
41.244098984;28.3;43.14013802868388;314
42.118905714;30.2;42.98838644898563;318
42.994163316;30.2;42.86185926676205;323
43.869106473;30.1;42.77553322968914;323
45.618938862;29.6;42.5782128073457;314
47.369211909;30.2;42.419057615182304;313
48.243888546;30.3;42.32513407710881;315
49.119140799;29.6;42.25823574550988;314

null
time;Actual Speed;Virtual Speed;Absolute Resistance
0.0;23.1;6.167022784038527;250
0.8726241;24.0;8.636681786159011;250
1.748924172;24.4;10.962027763427857;250
3.498722701;27.4;14.993955618134573;250
4.373567658;28.4;16.844703768195473;250
5.24826239;29.4;18.407908837038406;250
6.123301582;31.2;19.844140359233467;250
6.997192637;32.9;21.185439578542802;250
7.873505903;33.5;22.580501216100597;250
8.748205751;33.4;23.847335239433946;250
9.62336287;33.8;24.96649858387763;250
10.498209868;34.1;25.886287940300207;250
11.373054057;34.3;26.894658436284193;250
12.247774651;34.2;27.81036718728917;250
13.122043243;34.1;28.6478123081556;250
13.997091167;34.3;29.35911371271957;250
14.871948563;34.0;30.126053294321956;250
15.746898574;33.8;30.80891867904072;250
16.621823925;33.3;31.368862434375714;250
17.496816682;33.8;31.934586785613813;250
18.371811425;34.5;32.51328562350383;250
19.246987074;34.4;33.07487499703503;250
20.121890088;37.0;33.537106187028606;266
21.87181717;42.1;34.93536766241979;301
22.746975394;40.9;35.64546366913852;311
23.621922957;40.9;36.2552680206708;324
24.496671243;40.5;36.94356809590428;343
25.371645359;40.8;37.649538766661294;365
26.246905128;40.7;38.37454990311503;374
27.121913907;40.0;38.98368167487563;403
27.996846477;39.5;39.709162380644315;424
28.871983565;39.3;40.42490561162122;449
29.746936363;38.6;41.14427841201272;471
30.62194166;37.8;41.76983062525002;519
31.496928691;36.9;42.52543942324694;561
32.371932758;34.7;43.291738209272694;593
33.246923537;32.5;44.03557659074138;613
34.121981944;30.2;44.651687207257424;611
34.997014353;27.2;45.250403727909415;520
35.87191345;24.2;45.588350186111654;525
37.621981592;28.2;45.94794394183699;515
38.49707243;27.9;46.17833351902691;424
39.37208616;27.5;46.150786267173224;477
42.87171897;29.9;46.560777327235634;483
43.747111362;29.6;46.641894378918664;457
44.622066589;28.8;46.656350378752116;475
45.497070175;29.8;46.71905071992461;476
48.122206605;29.3;46.66636944232768;475
48.996853337;30.7;46.72259706768799;442
49.872140301;29.8;46.692240182280806;462
50.74704071;30.0;46.71238532983344;462
51.622190849;31.0;46.73332366703018;463

null
time;Actual Speed;Virtual Speed;Absolute Resistance
0.0;19.1;1.953086411304774;250
0.874244273;20.1;5.859992909829478;250
1.749003261;21.3;8.690403702472691;250
3.498870791;24.3;13.07484204740587;250
4.373778757;25.7;14.869839063196485;250
5.248588913;26.2;16.52570643399721;250
6.123441574;28.5;18.15310852830396;250
6.99840474;29.8;19.61878374879217;250
8.748392644;32.5;22.33165643160832;250
9.622295769;33.6;23.67125447672344;250
10.498343952;34.0;24.906990822232057;250
11.372321419;34.7;25.894754245946096;250
12.247660581;34.7;26.943018464386963;250
13.122783446;35.1;27.884616631436653;250
13.997886418;35.5;28.77774067095121;250
14.872010133;35.6;29.51796957998308;250
15.747095952;36.0;30.301057198232808;250
16.622110956;36.0;31.045103283994997;250
17.49707612;35.9;31.754541457967072;250
18.37201426;35.9;32.35078683944309;250
19.247151786;36.4;32.962872854412346;256
20.122171817;36.2;33.564936215738925;259
22.74708472;35.2;35.01258160864102;270
23.621828018;36.3;35.480939771766316;280
24.49720765;37.2;35.97084657425071;286
25.371934123;37.1;36.39617888571776;291
26.247187759;37.9;36.85618145421888;302
27.12214882;38.3;37.33833283393729;317
27.997123731;37.7;37.847043127547465;320
28.872220458;37.3;38.263507945449234;323
29.747205439;37.1;38.70280635343269;339
30.622290674;36.7;39.17303025930723;340
31.497221259;36.6;39.59723771329475;351
32.372179204;36.5;39.97565607866945;359
33.246934353;36.4;40.39316309268087;365
34.122325397;36.3;40.79134356322822;380
34.997318346;36.0;41.21287526176452;393
35.871965256;35.5;41.587725949383206;409
36.747245504;35.1;42.02283395487127;428
37.622222865;34.5;42.47568386497655;438
38.49742374;34.4;42.861331394501285;461
39.372029787;34.3;43.320057832801396;482
40.247424491;33.8;43.78557646705568;510
41.12229644;32.4;44.25980635695565;495
41.997436195;32.2;44.60726685933209;509
42.872469202;31.2;44.98799967340075;492
43.747410071;29.2;45.28285994572307;485
44.622380854;28.3;45.51861440220981;469
45.49738578;28.3;45.66807077389738;438
46.372376663;27.7;45.734450500231326;449
47.247385128;28.5;45.82139633286776;428
48.122043366;27.4;45.82121211175422;397
48.997492154;26.4;45.74116414685023;393
49.872433272;27.1;45.64153097531633;365
50.74743079;27.8;45.45280512005446;387
51.622382996;29.3;45.3596131180611;375
