
null
time;Actual Speed;Virtual Speed;Absolute Resistance
0.0;13.5;0.0;100
0.122302562;9.6;1.702870058146023;100
0.997455101;7.4;5.001606980645138;100
1.872232298;13.2;6.47691038950008;100
2.747034363;18.3;8.938809624645831;100
3.621977328;22.3;10.49746926004799;550
4.496651442;25.0;11.976719781548672;462
5.371652159;23.0;13.510130117892498;761
6.24647452;19.8;15.991769863260636;599
7.121735619;19.0;17.949305243407405;479
7.996716836;17.1;19.41578747953334;468
8.871612311;17.4;21.011630848994304;357
9.746485835;18.9;22.31419195208085;289
10.621454231;22.0;23.430804244787765;219
11.496014253;24.4;24.286744781869892;174
12.371099428;25.6;25.131785729397993;100
13.245399222;29.3;25.75582693708788;100
14.120291244;31.2;26.26776578172985;100
14.995403225;30.9;26.66803099179509;100
15.870352844;31.5;27.082334971521753;100
16.745260099;31.9;27.504024701762415;100
17.620296152;31.9;27.90860299371147;100
18.495261619;29.8;28.232377717528422;100
19.370245325;26.9;28.470675416641747;100
20.245324028;25.5;28.61883151869252;100
21.12031131;26.2;28.719613889609526;100
21.995335385;25.2;28.8148736299396;100
22.870390637;25.5;28.88113247253664;100
23.745356993;25.5;28.959438460315212;100
24.620399581;25.4;29.02551230880997;100
25.495402431;25.6;29.09618451978054;100
26.370376927;25.5;29.164492435129475;100
27.245411627;26.7;29.259660004413526;100
28.120332889;26.3;29.35862558150103;100
28.995326948;26.0;29.438624614389482;100
29.870348869;26.6;29.51465522954719;100
30.74538836;25.9;29.586066614042107;100
31.620382772;25.7;29.62233093600893;100
32.495382229;25.6;29.662345050904182;100
33.370394012;25.2;29.71935540427135;100
34.245356471;25.6;29.75475633914887;100
35.120380081;25.9;29.792937727844983;100
35.995487911;25.6;29.83777652574528;100
36.870522547;25.9;29.866608714854202;100
37.745409959;26.1;29.919147240479138;100
38.620457939;25.9;29.96219330969204;100
39.495461884;26.4;29.989404220194857;100
40.370535367;27.0;30.035558143661913;100
41.245510256;30.2;30.114077327225672;100
42.120496386;30.3;30.305021115665898;100
42.995528808;29.7;30.433150534147217;100
43.870468566;29.9;30.54506963780522;100
44.745404478;29.7;30.663623761014797;100
45.62051123;29.6;30.75561107420998;100
46.49552678;29.7;30.854252739122273;100
47.370572306;29.8;30.956751567610706;100
48.245490911;29.8;31.048448388074036;100
49.120487137;29.8;31.125561464228745;100
49.995517554;29.9;31.207178269957097;100
50.870320819;29.7;31.2747214518962;100
51.745560481;29.7;31.344127851381234;100
52.620567371;29.4;31.405696087019827;100
53.495571548;29.4;31.46203940513258;100
54.370529232;29.4;31.52055131393091;100
55.245611575;29.2;31.58185600262225;100
56.12061821;29.3;31.61881110084746;100
56.995606396;30.3;31.66457494975892;100
57.870611619;30.5;31.734815863933715;100
58.745536913;31.2;31.781643383603427;100
59.620513158;31.5;31.84016881754511;100
60.495651872;31.8;31.913322142468846;100
61.370621607;31.7;32.00573537898143;100
62.245564162;31.9;32.083161271476044;100
63.120762443;31.9;32.161022063108476;100
63.995684828;32.6;32.24129749471866;100
64.870717637;33.0;32.35246037307616;100
65.745675167;33.9;32.43996137333854;100
66.62066002;33.7;32.55537133310449;100
67.495752337;33.4;32.65898473650094;100
68.370597134;33.7;32.748886550198755;100
69.24560714;34.5;32.834451378001624;100
70.120712025;34.7;32.97288571084281;100
70.99575228;34.7;33.06717639440081;100
71.870698297;35.8;33.17230518291655;100
72.745659597;34.9;33.28977328155366;100
73.62070701;34.8;33.36912454283846;100
74.495638991;34.5;33.43948202588147;100
75.370616989;34.5;33.510080262305806;100
76.245815474;34.7;33.56969142856955;100
77.120739126;34.8;33.637952001330014;100
77.995743932;35.5;33.711517085518025;100
78.870691255;35.7;33.79278912020895;100
79.745862873;34.8;33.87171437053024;100
80.620853136;35.3;33.90489994288529;100
81.495793045;35.7;33.9768631322244;100
82.370787716;36.6;34.06014355112101;100
83.245777002;38.3;34.14392300924086;100
84.120742665;39.6;34.29415727558337;100
84.995732567;39.9;34.43984038377102;100
85.870746719;39.6;34.58658650500765;100
86.745828124;40.8;34.71759805687352;100
87.620787556;41.7;34.883228801855786;100
88.495737032;42.7;35.06547396627482;100
89.370872975;43.7;35.26340753462213;100
90.245895714;43.9;35.45508451669372;100
91.120878679;44.1;35.6564847707091;100
91.995815884;44.9;35.8391743464718;100
92.870823242;45.8;36.05723532116954;100
93.745804421;46.1;36.246278400839266;100
94.620810922;46.6;36.46175110927884;100
95.495923017;46.9;36.66703102927445;100
96.370942919;47.0;36.8383434274687;100
97.245906651;47.1;37.03110328332429;100
98.120858291;47.3;37.21479629613428;100
98.995826699;47.4;37.38398888625775;100
99.870862899;47.6;37.53438965509279;100
100.74597092;47.7;37.696223282422075;100
101.620949057;49.4;37.84285702579155;100
102.495931313;51.7;38.04958273948824;100
103.371047145;51.8;38.266041609523526;100
104.246031616;51.2;38.46787747997861;100
105.121039595;52.7;38.62458728523349;100
105.995940083;52.6;38.832692726227144;100
106.870990007;52.7;38.990720522808466;100
107.745949139;53.2;39.16903146180795;100
108.620913772;53.5;39.34669075729002;100
109.495851593;53.7;39.51869005636741;100
110.371150305;53.5;39.65859243270655;100
111.246042836;53.7;39.80942454295195;100
112.121010943;53.9;39.953407611179706;100
112.99599407;53.7;40.088230704961276;100
113.871006225;53.8;40.189234728450764;100
114.745938059;54.0;40.310065499068614;100
115.62107364;53.7;40.422249597307804;100
116.496015554;53.5;40.52269117980397;100
117.371059954;52.5;40.60397189173543;100
118.246046976;51.6;40.65514630259483;100
119.121032209;52.7;40.683087475870565;100
119.996056478;56.2;40.768189718220114;105
120.87095595;58.1;40.92013451193331;112
121.746103105;61.8;41.10193984289998;189
122.621068223;62.7;41.401168548192075;187
123.496041668;63.5;41.65229962231185;194
124.371075823;64.1;41.931429584270184;185
125.246226153;64.8;42.185244837428414;208
126.121184046;65.1;42.47896187090246;247
126.99616541;62.7;42.77416247635909;173
127.871078061;59.8;42.96841605118854;240
128.746074879;58.6;43.25750030725009;121
129.621241352;56.9;43.35003008019297;175
130.496209446;55.7;43.48440630224768;100
131.3712079;55.0;43.464336965270526;100
132.246197968;54.5;43.38575660465488;100
133.121120764;54.1;43.289606023446524;100
133.996127881;54.5;43.1997345851975;100
134.871249053;53.9;43.11788689888804;100
135.746259418;53.7;43.02075883631854;100
136.62128373;53.6;42.927612852908624;100
137.496258556;53.5;42.853342090029095;100
138.371171931;52.7;42.77702592940304;100
139.246288181;51.4;42.67662527434164;100
140.12130878;52.8;42.56213761615997;100
140.996283032;52.4;42.483793486347885;100
141.871311059;51.9;42.40103409194745;100
142.746287469;54.9;42.32434978578721;100
143.621344243;56.7;42.37313464679074;100
144.496318969;55.2;42.41108191961603;100
145.371385626;54.1;42.40688794990953;100
146.246308711;58.2;42.38107857564708;132
147.121354458;57.1;42.50322128691386;100
147.996299439;57.3;42.53556077602546;100
148.87124826;55.9;42.57098279967442;100
149.746323153;55.0;42.570747604483536;100
150.621382456;54.4;42.54333824511433;100
151.496393687;54.4;42.50916134928184;100
152.371312372;57.1;42.47393157452593;108
153.246326358;53.7;42.56088224484092;100
154.121305969;52.0;42.51658167051107;100
154.996444517;50.9;42.439141616800846;100
155.87149076;50.1;42.32479731172874;100
156.746438618;49.6;42.19399889065312;100
157.621394365;49.0;42.087284439950025;100
158.496386498;48.6;41.959797892521536;100
159.371402144;48.1;41.825575648854915;100
160.246508604;48.0;41.68440862112761;100
161.121415193;48.0;41.57529356760914;100
161.996463408;48.0;41.45664850426596;100
162.871404633;47.9;41.345754085912624;100
163.746401977;47.7;41.23870639186742;100
164.621500544;47.3;41.149047701899896;100
165.496485498;47.4;41.044042267328805;100
166.371471679;47.9;40.95427177306564;100
167.246476741;48.0;40.88460677382178;100
168.121467477;47.8;40.82347172126066;100
168.996419267;48.1;40.75572639694504;100
169.871514994;48.3;40.696659603146266;100
170.746515614;48.2;40.64822698333368;100
171.621538794;48.3;40.60526329760293;100
172.496561577;47.9;40.5625605566587;100
173.371516216;48.1;40.504912470931295;100
174.246586732;48.1;40.46292376869664;100
175.121601297;47.8;40.43048587538329;100
175.996579896;47.7;40.38823486487655;100
176.871544852;47.8;40.338180767639784;100
177.746574207;47.6;40.296847278151475;100
178.621554235;47.5;40.25344742974414;100
179.496495439;47.6;40.204570084044825;100
180.371646336;47.7;40.166552408796164;100
181.246559897;47.6;40.133497659978055;100
182.121580742;47.7;40.10058083714098;100
182.996710481;47.8;40.073507851069806;100
183.871445172;47.8;40.052228807719075;100
184.746618041;47.9;40.03808949927863;100
185.621635379;48.1;40.02647599811037;100
186.496676663;50.6;40.013604700772156;100
187.371642217;53.9;40.10435887545267;100
188.246612093;53.7;40.233973853539844;100
189.121552644;52.7;40.34602307875167;100
189.996676614;51.3;40.41817713914155;100
190.871696992;55.8;40.48242598783805;131
191.746731074;52.7;40.674692559140915;100
192.621638249;54.6;40.73483188924947;100
193.496659055;55.1;40.809184958532235;100
194.37179549;52.5;40.926043988211084;100
195.246798721;50.4;40.95621329402169;100
196.121784393;48.5;40.9275664632852;100
196.996694257;44.7;40.860033318312574;100
197.871677315;43.4;40.71777717047925;100
198.746687889;42.1;40.55699991304472;100
199.621762837;41.1;40.36001009392901;100
200.496784033;39.8;40.15113710466685;100
201.371863709;39.1;39.916590130232585;100
202.246740994;38.9;39.71490595579484;100
204.871856887;37.7;39.06418449968965;100
205.746891516;38.1;38.88047770691159;100
206.621841682;37.1;38.695878666887346;100
207.496781696;37.7;38.49676919757507;100
208.371780336;38.9;38.34072823234868;100
209.246735149;38.4;38.22478566031114;100
210.121839449;37.4;38.08809959230248;100
210.996844662;37.3;37.92469442196045;100
211.871864095;37.1;37.77986588741305;100
212.746812523;37.6;37.66302286682228;100
213.621977345;37.6;37.55883089452232;100
214.496952396;38.5;37.462626435351105;100
215.371891761;39.0;37.40356985651866;100
216.246868237;39.3;37.3415105394315;100
217.121868529;39.3;37.29159923064539;100
217.996826961;41.7;37.26489890280596;100
218.87178788;42.0;37.30992706479004;100
219.746963263;47.3;37.331501189250865;100
220.621937866;52.4;37.526888751337026;131
221.496905451;48.7;37.85395078091431;100
222.372051388;46.9;37.99465047018684;100
223.246984636;45.8;38.08250575338123;100
224.122005519;45.3;38.139937584560734;100
224.996970926;44.8;38.17646746801711;100
225.872017822;45.6;38.2021420041822;100
227.621905883;57.8;38.582444377480655;190
228.496903229;62.0;39.0135398344362;219
229.372015329;63.1;39.42042408053513;217

null
time;Actual Speed;Virtual Speed;Absolute Resistance
0.0;6.2;0.90966965326406;100
0.859316691;5.5;2.699350286961319;100
1.734275173;9.6;4.045183661120878;100
2.609210484;11.3;5.955185121189903;100
3.483769326;15.8;7.153278330860004;100
4.358724783;18.7;8.65842464457585;100
5.233681208;22.3;10.167501955316354;474
6.108656149;24.9;11.590217771855134;455
6.983595453;21.5;13.171674183103956;651
7.858660698;20.0;15.021649092347808;537
8.733550323;17.1;16.78594852868204;517
9.608428841;14.8;18.487548737131075;282
10.483371527;15.9;19.63665936194597;288
11.35827723;22.6;20.655317396575537;242
12.233222141;26.3;21.704371625091675;285
13.108143574;26.1;22.813949234816008;100
13.983121985;27.1;23.57085982573684;180
15.73286238;31.1;24.973862746116804;100
16.607760434;31.8;25.554150181645433;100
17.482762933;31.9;26.054217918190307;100
18.357773672;32.5;26.43977554352858;100
19.232846651;33.0;26.851387958006352;100
20.107865804;32.1;27.292745382016417;100
20.982843646;28.3;27.676619179324412;100
21.857828731;20.8;27.904187498446028;100
22.732914407;14.9;27.922936926059556;100
23.607955979;10.6;27.781598609864275;100
24.48287185;7.3;27.50937561786855;100
25.357915426;7.5;27.200801667406743;100
26.232958911;10.5;26.85312297319137;100
27.982946596;21.7;26.84794833600713;100
28.858060444;24.9;27.058390478620115;100
29.733027264;26.5;27.240244984471715;100
30.60802577;27.4;27.49280306690783;100
31.483089608;28.8;27.70147066637214;100
32.358105881;30.3;28.005718689900778;100
33.233106058;31.2;28.31793895400804;100
34.108116334;31.5;28.609358105106494;100
34.983100663;31.8;28.891612491673744;100
35.858061136;32.7;29.20717981624342;100
36.73317066;33.4;29.52483543230038;100
37.608177789;35.2;29.834843858875203;100
38.48318723;39.0;30.11271372773913;100
39.35819568;39.6;30.57979643946904;100
40.233184421;32.3;31.015898292494008;100
41.10815868;24.6;31.16433022933619;100
41.983249995;18.6;31.138553159463182;100
42.858265043;12.9;30.934022709159027;100
44.608256413;15.2;30.313953147243563;100
45.483261546;18.5;30.061741495259366;100
46.358254537;22.8;29.885055236525414;100
47.233304436;27.8;29.739112140322728;100
48.108327967;33.7;30.00071447433171;100
48.983340412;36.8;30.3307422604325;100
49.858367666;39.5;30.704224932172796;100
50.733392958;36.5;31.14026056653203;100
51.608384046;28.4;31.40946001488662;100
52.483447569;21.0;31.444661193528976;100
53.358398605;15.6;31.30627455171861;100
54.233387035;10.4;31.00369064877535;100
55.108396882;7.2;30.6490996125142;100
59.713951332;0.0;28.452078083655255;100
60.588752772;19.8;27.93053954006557;100
61.463786806;23.8;27.941924776040675;100
62.338779873;26.9;28.17397397297996;100
63.213796156;28.7;28.35296370455663;100
64.088798095;30.2;28.621581312515207;100
64.963839129;30.6;28.8611661312882;100
65.838883482;31.6;29.14179837677616;100
66.713854189;31.9;29.413334688221052;100
69.33884874;15.6;29.735036040024006;100
70.213902269;14.2;29.519209855326302;100
71.088925875;9.7;29.284850105744628;100
71.963948524;6.8;28.936756267080035;100
75.777602349;18.9;27.349992702340746;100
76.652687116;22.0;27.348760043770483;100
77.527660902;24.6;27.487223026632726;100
78.402729645;28.5;27.724399472757344;100
79.277695124;30.1;27.99522037978149;100
80.152710259;30.2;28.31243535015448;100
81.027726989;31.1;28.570967198563835;100
81.902749171;25.3;28.851468939756113;100
82.777778046;25.6;28.959140506959823;100
83.65278729;28.8;29.085139949323214;100
84.527800627;31.1;29.296788211942648;100
85.402800293;32.1;29.52344534647407;100
86.277754332;28.4;29.762400547068022;100
87.152833067;26.2;29.910833754205896;100
88.027826639;21.1;30.018843849799687;100
88.902831871;24.1;29.9296602770807;100
89.777915796;26.8;29.939771847677207;100
90.652969124;29.2;30.092822579666223;100
91.527879976;29.2;30.191074876432616;100
92.402986628;30.9;30.315626576800266;100
93.277941419;32.1;30.518375380474527;100
94.152836933;32.8;30.724685106339653;100
95.027952383;33.1;30.900956500516394;100
95.902998042;33.4;31.080566482449385;100
96.777959192;33.6;31.28854943826506;100
97.653045676;33.5;31.493048401354724;100
98.528042975;26.7;31.672161740893717;100
99.403028282;20.7;31.672775538045613;100
100.278039102;14.9;31.49324284473429;100
101.153039283;10.2;31.16736345597375;100
102.028062741;7.1;30.79753740019873;100
