
null
Actual speed;power;absolute resistance
15.6;75.0;0
21.2;125.0;0
22.4;131.0;0
23.5;144.0;0
25.2;145.0;0
25.9;154.0;0
27.0;157.0;0
28.0;169.0;0
30.3;175.0;0
31.4;186.0;0
32.6;195.0;0
33.3;197.0;0
34.1;209.0;0
35.5;217.0;0
36.7;222.0;0
38.7;238.0;0
39.9;244.0;0
42.5;262.0;0
43.6;274.0;0
44.9;282.0;0
46.0;290.0;0
47.1;291.0;0
52.5;341.0;0
54.8;361.0;0
57.1;373.0;0
62.1;397.0;0
63.8;415.0;0
66.2;470.0;0
68.5;571.0;0
68.3;422.0;0
57.0;361.0;0
52.7;324.0;0
48.8;286.0;0
46.3;265.0;0
43.9;255.0;0
41.6;245.0;0
39.6;230.0;0
38.6;226.0;0
37.1;216.0;0
35.7;205.0;0
33.3;188.0;0
31.3;176.0;0
26.8;146.0;0
26.8;148.0;0
24.4;133.0;0
23.0;121.0;0
23.0;129.0;0
21.9;120.0;0
19.3;104.0;0
18.2;94.0;0

null
Actual speed;power;absolute resistance
15.9;109.0;100
19.9;123.0;100
21.1;128.0;100
22.8;124.0;100
23.7;150.0;100
25.7;151.0;100
28.6;191.0;100
40.0;211.0;100
41.0;244.0;100
42.3;264.0;100
50.2;306.0;100
52.0;318.0;100
57.1;379.0;100
59.5;405.0;100
63.4;461.0;100
65.8;537.0;100
67.2;613.0;100
68.4;659.0;100
69.0;689.0;100
68.7;489.0;100
62.4;408.0;100
60.0;381.0;100
55.0;342.0;100
52.7;327.0;100
51.4;297.0;100
49.0;292.0;100
46.9;275.0;100
45.7;259.0;100
44.2;250.0;100
40.7;233.0;100
38.6;212.0;100
37.4;203.0;100
35.7;186.0;100
33.3;176.0;100
31.0;169.0;100
26.7;142.0;100
24.2;131.0;100
23.2;122.0;100
22.8;106.0;100
17.6;90.0;100

null
Actual speed;power;absolute resistance
18.8;86.0;200
22.4;161.0;200
25.0;169.0;200
27.9;172.0;200
29.5;179.0;200
36.9;226.0;200
43.7;272.0;200
50.3;349.0;200
55.4;376.0;200
61.8;418.0;200
68.9;638.0;200
68.7;682.0;200
64.6;442.0;200
54.6;395.0;200
51.8;317.0;200
49.1;299.0;200
47.1;283.0;200
44.7;265.0;200
42.1;250.0;200
40.0;234.0;200
38.9;224.0;200
37.7;205.0;200
33.9;173.0;200
28.3;138.0;200
23.1;128.0;200
21.7;118.0;200
16.5;79.0;200
14.2;81.0;200
13.8;77.0;200
13.2;56.0;200
9.5;48.0;200
8.4;45.0;200
7.6;37.0;200
7.2;37.0;200
6.5;36.0;200
7.0;32.0;200
6.4;24.0;200
5.0;30.0;200
5.6;29.0;200

null
Actual speed;power;absolute resistance
0.0;0.0;300
8.1;33.0;300
10.9;83.0;300
11.4;81.0;300
13.6;115.0;300
15.4;170.0;300
17.9;172.0;300
19.4;171.0;300
23.5;221.0;300
24.4;225.0;300
27.3;246.0;300
28.2;265.0;300
30.1;260.0;300
31.9;279.0;300
33.4;293.0;300
36.0;297.0;300
36.5;296.0;300
37.7;313.0;300
38.8;332.0;300
40.6;352.0;300
42.8;360.0;300
43.9;379.0;300
46.0;385.0;300
48.8;416.0;300
52.3;450.0;300
56.1;484.0;300
59.5;517.0;300
62.6;547.0;300
64.8;583.0;300
64.6;591.0;300
60.4;502.0;300
54.6;432.0;300
50.9;411.0;300
45.3;366.0;300
44.0;365.0;300
42.3;343.0;300
41.0;337.0;300
39.2;309.0;300
34.9;284.0;300
32.4;261.0;300
30.5;253.0;300
29.0;255.0;300
26.7;208.0;300
24.1;189.0;300
22.5;186.0;300
19.2;155.0;300
17.1;141.0;300
15.3;122.0;300
14.0;120.0;300
18.7;176.0;300
20.4;188.0;300
26.8;229.0;300
27.6;237.0;300
29.8;258.0;300
31.4;260.0;300

null
Actual speed;power;absolute resistance
22.5;137.0;400
26.4;144.0;400
23.9;229.0;400
24.0;250.0;400
25.3;289.0;400
28.2;290.0;400
30.0;321.0;400
31.2;351.0;400
33.2;381.0;400
34.8;401.0;400
35.5;403.0;400
36.6;417.0;400
38.8;440.0;400
40.7;451.0;400
42.1;489.0;400
44.2;513.0;400
45.6;551.0;400
49.0;561.0;400
53.2;602.0;400
58.7;669.0;400
61.2;701.0;400
61.5;670.0;400
56.4;575.0;400
52.2;514.0;400
45.3;489.0;400
42.6;470.0;400
41.3;452.0;400
35.4;384.0;400
32.4;335.0;400
31.2;317.0;400
28.4;289.0;400
26.4;258.0;400
23.7;237.0;400
20.6;217.0;400
19.5;225.0;400
18.6;223.0;400
16.3;177.0;400
15.6;166.0;400
15.3;139.0;400
13.9;127.0;400
17.0;238.0;400
21.3;267.0;400
24.3;290.0;400
24.4;282.0;400
26.7;320.0;400
27.0;300.0;400
27.4;323.0;400
28.3;312.0;400
28.6;327.0;400
29.2;313.0;400
28.5;331.0;400
29.5;339.0;400
31.2;377.0;400

null
Actual speed;power;absolute resistance
11.4;49.0;500
11.5;96.0;500
12.4;142.0;500
14.5;185.0;500
17.2;221.0;500
17.1;255.0;500
18.9;279.0;500
19.2;279.0;500
19.9;283.0;500
21.4;303.0;500
23.5;331.0;500
23.7;328.0;500
24.3;343.0;500
24.8;340.0;500
24.9;367.0;500
26.1;395.0;500
27.5;394.0;500
28.9;426.0;500
30.0;449.0;500
35.0;511.0;500
36.6;563.0;500
39.5;577.0;500
41.1;613.0;500
43.2;628.0;500
44.5;587.0;500
42.2;514.0;500
37.2;468.0;500
34.4;429.0;500
31.5;406.0;500
28.8;373.0;500
27.6;353.0;500
25.8;335.0;500
24.9;339.0;500
24.4;333.0;500
23.6;317.0;500
18.3;243.0;500
17.5;223.0;500
14.4;194.0;500
14.2;181.0;500
13.0;167.0;500
12.5;161.0;500
12.7;143.0;500
13.7;160.0;500
16.7;235.0;500
18.6;253.0;500
19.8;303.0;500
20.2;296.0;500
21.3;285.0;500
21.5;290.0;500
21.1;306.0;500
20.7;290.0;500
20.9;273.0;500

null
Actual speed;power;absolute resistance
18.6;100.0;600
14.8;226.0;600
15.7;291.0;600
19.3;341.0;600
21.2;369.0;600
22.8;394.0;600
24.0;402.0;600
25.1;431.0;600
28.7;477.0;600
31.5;529.0;600
33.4;555.0;600
34.1;563.0;600
37.5;643.0;600
38.8;658.0;600
37.0;593.0;600
38.0;655.0;600
39.0;641.0;600
40.2;679.0;600
42.3;702.0;600
41.3;700.0;600
36.2;606.0;600
32.5;552.0;600
30.7;511.0;600
26.1;427.0;600
21.0;372.0;600
21.0;352.0;600
21.4;335.0;600
20.4;339.0;600
16.4;248.0;600
16.6;297.0;600
16.3;225.0;600
13.4;172.0;600
12.1;154.0;600
11.8;136.0;600
10.9;186.0;600
13.1;238.0;600
14.0;261.0;600
15.6;261.0;600
16.1;288.0;600
16.1;291.0;600
17.7;262.0;600
16.5;292.0;600
16.6;304.0;600
17.5;289.0;600
17.0;304.0;600
17.0;289.0;600
17.2;273.0;600
15.7;276.0;600
15.5;251.0;600
17.0;276.0;600
17.8;298.0;600

null
Actual speed;power;absolute resistance
0.0;0.0;700
15.3;78.0;700
12.6;189.0;700
12.7;266.0;700
14.5;287.0;700
15.4;306.0;700
13.4;267.0;700
10.9;167.0;700
9.5;219.0;700
14.5;280.0;700
14.9;298.0;700
16.0;306.0;700
17.7;354.0;700
18.3;380.0;700
19.8;418.0;700
20.8;422.0;700
22.1;462.0;700
24.1;449.0;700
24.3;460.0;700
25.8;501.0;700
26.9;525.0;700
28.7;568.0;700
30.9;603.0;700
32.4;634.0;700
32.8;647.0;700
33.1;645.0;700
28.2;536.0;700
22.0;421.0;700
20.8;424.0;700
18.6;381.0;700
17.5;351.0;700
17.4;320.0;700
17.0;323.0;700
16.3;331.0;700
16.5;329.0;700
16.7;302.0;700
16.1;310.0;700
18.3;351.0;700
18.8;359.0;700
18.9;356.0;700
18.9;360.0;700
19.8;387.0;700
19.2;397.0;700
18.8;376.0;700
18.4;388.0;700
20.6;425.0;700
22.4;466.0;700
24.0;472.0;700
23.8;464.0;700
22.7;446.0;700
22.4;452.0;700
21.2;399.0;700
18.0;333.0;700
15.9;314.0;700
14.3;298.0;700
10.3;200.0;700
10.5;189.0;700

null
Actual speed;power;absolute resistance
10.7;59.0;800
10.7;208.0;800
10.9;238.0;800
10.3;195.0;800
9.3;165.0;800
9.4;135.0;800
8.8;149.0;800
10.2;147.0;800
12.6;252.0;800
12.7;268.0;800
12.9;302.0;800
13.4;315.0;800
13.8;315.0;800
13.5;311.0;800
13.9;268.0;800
12.0;291.0;800
12.6;270.0;800
13.5;247.0;800
11.7;282.0;800
12.5;287.0;800
13.1;302.0;800
14.0;327.0;800
14.5;337.0;800
15.2;350.0;800
16.2;356.0;800
14.8;331.0;800
14.8;317.0;800
14.3;306.0;800
14.4;302.0;800
14.4;307.0;800
14.1;308.0;800
14.1;318.0;800
14.6;339.0;800
14.9;334.0;800
15.3;333.0;800
15.3;319.0;800
12.2;224.0;800
11.4;228.0;800
10.8;195.0;800
11.2;239.0;800
10.8;192.0;800
10.2;182.0;800
10.8;202.0;800
9.3;118.0;800
8.7;165.0;800
10.3;228.0;800
11.9;264.0;800
11.5;277.0;800
12.4;295.0;800
13.0;283.0;800
13.1;285.0;800

null
Actual speed;power;absolute resistance
12.7;71.0;900
10.5;203.0;900
9.9;217.0;900
10.2;203.0;900
10.3;205.0;900
9.6;138.0;900
9.0;120.0;900
8.5;141.0;900
8.2;118.0;900
7.8;114.0;900
8.4;103.0;900
8.0;119.0;900
7.9;116.0;900
7.5;127.0;900
9.1;224.0;900
10.8;263.0;900
12.3;291.0;900
12.3;319.0;900
12.9;330.0;900
13.9;343.0;900
14.7;361.0;900
15.3;378.0;900
15.4;392.0;900
14.1;359.0;900
14.9;359.0;900
15.4;388.0;900
14.9;365.0;900
14.5;368.0;900
15.3;468.0;900
18.4;485.0;900
19.5;497.0;900
20.6;525.0;900
20.6;520.0;900
20.1;526.0;900
15.0;367.0;900
12.6;289.0;900
11.8;297.0;900
11.8;281.0;900
11.7;251.0;900
10.8;229.0;900
11.1;252.0;900
10.0;231.0;900
10.5;196.0;900
9.6;199.0;900
10.1;192.0;900
10.2;197.0;900
9.5;170.0;900
9.5;189.0;900
9.4;168.0;900
10.1;206.0;900
9.5;180.0;900
9.3;142.0;900
9.2;148.0;900
9.1;165.0;900
8.7;147.0;900
9.1;127.0;900
8.9;154.0;900
9.3;204.0;900

null
Actual speed;power;absolute resistance
18.3;108.0;-100
21.1;124.0;-100
23.6;135.0;-100
24.8;156.0;-100
26.3;154.0;-100
27.2;173.0;-100
28.9;172.0;-100
29.7;183.0;-100
30.4;199.0;-100
32.4;205.0;-100
33.9;214.0;-100
35.3;218.0;-100
36.3;234.0;-100
40.8;257.0;-100
42.1;272.0;-100
45.5;286.0;-100
47.9;299.0;-100
50.9;344.0;-100
53.1;365.0;-100
55.9;388.0;-100
58.7;419.0;-100
66.3;549.0;-100
68.6;644.0;-100
69.7;623.0;-100
68.5;491.0;-100
66.3;428.0;-100
63.6;404.0;-100
58.0;377.0;-100
55.2;356.0;-100
53.1;337.0;-100
50.8;321.0;-100
49.6;313.0;-100
47.6;299.0;-100
44.7;277.0;-100
41.5;253.0;-100
40.1;243.0;-100
38.3;228.0;-100
37.2;224.0;-100
35.8;215.0;-100
34.3;201.0;-100
33.4;196.0;-100
31.1;176.0;-100
28.0;158.0;-100
24.4;140.0;-100
23.1;128.0;-100
21.4;107.0;-100
20.0;99.0;-100
18.5;87.0;-100
16.5;88.0;-100
21.3;168.0;-100
25.8;168.0;-100
29.0;180.0;-100
30.8;196.0;-100
32.5;203.0;-100

null
Actual speed;power;absolute resistance
0.0;0.0;-200
12.2;51.0;-200
17.7;100.0;-200
23.3;138.0;-200
25.6;156.0;-200
28.9;159.0;-200
33.8;203.0;-200
36.6;249.0;-200
41.5;269.0;-200
43.6;285.0;-200
46.3;300.0;-200
48.9;318.0;-200
51.5;353.0;-200
54.9;409.0;-200
61.9;438.0;-200
65.9;548.0;-200
68.3;655.0;-200
69.7;581.0;-200
67.5;426.0;-200
63.6;385.0;-200
59.1;352.0;-200
55.8;327.0;-200
50.0;293.0;-200
47.8;280.0;-200
46.0;272.0;-200
44.9;265.0;-200
43.1;260.0;-200
42.0;253.0;-200
41.0;241.0;-200
39.4;232.0;-200
38.3;225.0;-200
37.6;221.0;-200
36.8;212.0;-200
36.3;208.0;-200
35.9;206.0;-200
35.4;195.0;-200
33.1;188.0;-200
31.5;181.0;-200
30.6;164.0;-200
28.7;152.0;-200
27.2;141.0;-200
25.8;135.0;-200
24.9;127.0;-200
23.1;119.0;-200
22.2;111.0;-200
21.1;109.0;-200
20.3;109.0;-200
19.7;100.0;-200
18.4;91.0;-200
17.1;81.0;-200
13.6;59.0;-200
20.2;144.0;-200
25.3;159.0;-200
26.9;171.0;-200

null
Actual speed;power;absolute resistance
11.1;82.0;-300
15.6;109.0;-300
20.1;130.0;-300
22.9;148.0;-300
24.6;139.0;-300
25.7;165.0;-300
27.7;176.0;-300
33.1;189.0;-300
35.4;200.0;-300
37.6;218.0;-300
40.0;238.0;-300
41.5;251.0;-300
44.0;264.0;-300
44.9;274.0;-300
46.4;278.0;-300
49.4;305.0;-300
51.6;322.0;-300
52.2;324.0;-300
54.3;339.0;-300
58.1;372.0;-300
65.6;436.0;-300
69.0;537.0;-300
64.7;569.0;-300
58.3;344.0;-300
55.1;329.0;-300
50.8;313.0;-300
49.1;302.0;-300
49.5;350.0;-300
54.6;386.0;-300
55.8;356.0;-300
49.6;300.0;-300
47.9;280.0;-300
46.4;265.0;-300
42.8;252.0;-300
41.1;241.0;-300
38.8;222.0;-300
37.4;214.0;-300
35.2;201.0;-300
33.9;186.0;-300
33.2;181.0;-300
32.5;177.0;-300
29.5;148.0;-300
27.4;135.0;-300
25.1;126.0;-300
24.0;116.0;-300
21.7;111.0;-300
20.6;107.0;-300
21.0;172.0;-300
27.5;185.0;-300
31.9;191.0;-300
32.8;194.0;-300
33.4;206.0;-300
35.0;215.0;-300
38.0;227.0;-300

null
Actual speed;power;absolute resistance
0.0;0.0;-250
7.2;35.0;-250
11.2;61.0;-250
37.2;238.0;-250
36.8;218.0;-250
33.9;186.0;-250
35.6;217.0;-250
38.9;228.0;-250
40.7;250.0;-250
42.5;253.0;-250
43.7;261.0;-250
44.3;267.0;-250
45.3;269.0;-250
47.8;291.0;-250
48.8;300.0;-250
49.6;313.0;-250
52.5;335.0;-250
54.5;352.0;-250
62.1;398.0;-250
64.5;422.0;-250
65.1;410.0;-250
62.9;376.0;-250
57.9;364.0;-250
57.6;349.0;-250
56.1;328.0;-250
53.7;329.0;-250
50.3;303.0;-250
47.7;262.0;-250
41.8;242.0;-250
40.2;231.0;-250
38.8;219.0;-250
38.9;228.0;-250
38.2;223.0;-250
36.8;210.0;-250
35.1;204.0;-250
33.3;185.0;-250
33.8;195.0;-250
33.6;194.0;-250
33.3;192.0;-250
29.9;166.0;-250
27.4;146.0;-250
27.1;149.0;-250
25.2;138.0;-250
23.0;122.0;-250
24.5;131.0;-250
20.4;108.0;-250

null
Actual speed;power;absolute resistance
0.0;0.0;-150
24.6;121.0;-150
29.5;187.0;-150
34.7;212.0;-150
34.9;202.0;-150
33.2;184.0;-150
32.1;176.0;-150
32.0;177.0;-150
33.0;189.0;-150
34.5;203.0;-150
35.9;211.0;-150
40.0;257.0;-150
43.8;264.0;-150
46.1;274.0;-150
47.3;289.0;-150
50.4;307.0;-150
52.4;322.0;-150
54.0;333.0;-150
56.7;360.0;-150
60.8;392.0;-150
64.4;422.0;-150
66.7;461.0;-150
69.1;605.0;-150
69.5;688.0;-150
68.7;621.0;-150
68.7;568.0;-150
62.7;420.0;-150
58.2;372.0;-150
55.1;343.0;-150
54.0;339.0;-150
53.5;330.0;-150
52.4;327.0;-150
51.8;319.0;-150
51.7;327.0;-150
51.2;318.0;-150
49.9;307.0;-150
49.5;302.0;-150
49.6;297.0;-150
49.2;304.0;-150
47.7;288.0;-150
48.3;291.0;-150
47.5;287.0;-150
46.7;278.0;-150
45.9;273.0;-150
44.7;267.0;-150
44.3;260.0;-150
44.1;262.0;-150
43.2;255.0;-150
42.6;247.0;-150
39.6;231.0;-150
37.0;210.0;-150
35.8;199.0;-150
34.8;193.0;-150
32.6;172.0;-150

null
Actual speed;power;absolute resistance
9.4;39.0;-50
16.2;89.0;-50
23.2;135.0;-50
25.3;162.0;-50
28.8;169.0;-50
30.1;192.0;-50
32.5;208.0;-50
34.3;215.0;-50
35.7;223.0;-50
36.1;220.0;-50
36.7;227.0;-50
38.6;234.0;-50
39.5;237.0;-50
39.8;248.0;-50
40.5;254.0;-50
42.4;247.0;-50
41.9;251.0;-50
41.8;261.0;-50
43.6;260.0;-50
43.5;271.0;-50
45.7;288.0;-50
47.9;307.0;-50
49.9;325.0;-50
52.5;344.0;-50
55.5;378.0;-50
59.7;461.0;-50
65.8;554.0;-50
68.0;655.0;-50
69.7;733.0;-50
70.5;737.0;-50
69.7;623.0;-50
68.2;455.0;-50
64.9;400.0;-50
56.5;342.0;-50
54.9;330.0;-50
53.5;322.0;-50
48.1;292.0;-50
46.6;278.0;-50
45.4;272.0;-50
44.6;265.0;-50
41.9;247.0;-50
40.3;233.0;-50
38.1;223.0;-50
37.5;221.0;-50
36.8;217.0;-50
36.9;218.0;-50
36.0;211.0;-50
32.8;184.0;-50
30.9;177.0;-50
30.6;176.0;-50
29.8;170.0;-50
26.8;148.0;-50
25.2;136.0;-50
24.2;140.0;-50
24.0;139.0;-50
21.0;114.0;-50
20.1;126.0;-50

null
Actual speed;power;absolute resistance
6.7;0.0;50
15.9;96.0;50
21.9;161.0;50
27.3;199.0;50
35.0;208.0;50
36.1;215.0;50
38.9;235.0;50
40.5;247.0;50
42.0;261.0;50
44.1;282.0;50
46.6;293.0;50
48.5;318.0;50
51.9;349.0;50
55.8;375.0;50
58.7;387.0;50
60.8;552.0;50
68.4;724.0;50
70.5;775.0;50
68.3;627.0;50
64.8;441.0;50
60.6;392.0;50
57.2;348.0;50
54.4;325.0;50
51.0;302.0;50
49.9;298.0;50
49.0;287.0;50
47.8;286.0;50
47.4;276.0;50
46.5;271.0;50
45.6;260.0;50
44.6;258.0;50
44.1;258.0;50
44.3;255.0;50
43.7;252.0;50
43.5;247.0;50
42.2;224.0;50
39.1;214.0;50
38.2;207.0;50
36.9;217.0;50
37.6;212.0;50
35.3;196.0;50
33.3;175.0;50
31.9;179.0;50
28.7;157.0;50
29.1;161.0;50
28.9;154.0;50
25.7;146.0;50
25.7;135.0;50
25.6;137.0;50
25.3;134.0;50
25.4;136.0;50
21.4;117.0;50

null
Actual speed;power;absolute resistance
13.3;53.0;150
16.9;90.0;150
22.8;133.0;150
23.5;131.0;150
24.8;135.0;150
30.3;185.0;150
33.6;193.0;150
36.4;209.0;150
39.0;232.0;150
42.2;254.0;150
45.1;270.0;150
46.7;282.0;150
50.1;311.0;150
58.0;372.0;150
61.3;391.0;150
64.3;420.0;150
70.2;694.0;150
70.7;759.0;150
70.2;723.0;150
68.7;658.0;150
64.8;448.0;150
60.3;388.0;150
56.3;358.0;150
52.9;330.0;150
48.5;293.0;150
45.5;276.0;150
42.0;252.0;150
39.6;231.0;150
37.2;214.0;150
35.6;204.0;150
34.8;201.0;150
33.5;187.0;150
32.2;178.0;150
31.3;173.0;150
28.7;158.0;150
28.3;153.0;150
26.9;146.0;150
27.0;150.0;150
25.9;138.0;150
25.4;135.0;150
23.5;127.0;150
22.2;113.0;150
22.3;116.0;150
21.6;117.0;150
20.6;112.0;150
18.6;98.0;150
17.3;92.0;150
16.0;83.0;150
14.8;78.0;150
14.3;77.0;150
12.6;62.0;150
12.0;59.0;150
13.4;75.0;150
14.1;77.0;150
14.5;77.0;150
14.6;73.0;150
14.8;75.0;150
15.4;84.0;150
16.4;93.0;150
15.5;81.0;150

null
Actual speed;power;absolute resistance
23.4;146.0;250
28.1;189.0;250
29.7;212.0;250
32.2;245.0;250
34.2;255.0;250
35.4;261.0;250
37.4;279.0;250
40.1;288.0;250
42.9;303.0;250
43.3;312.0;250
45.0;318.0;250
49.6;361.0;250
57.2;432.0;250
62.4;468.0;250
69.1;659.0;250
71.5;845.0;250
72.2;907.0;250
71.2;882.0;250
69.4;776.0;250
65.9;423.0;250
60.6;368.0;250
56.0;344.0;250
51.9;325.0;250
48.7;308.0;250
46.1;299.0;250
44.1;293.0;250
42.9;298.0;250
42.2;290.0;250
41.3;278.0;250
40.4;243.0;250
36.9;226.0;250
34.0;222.0;250
32.8;215.0;250
31.9;202.0;250
29.6;185.0;250
27.4;174.0;250
26.0;187.0;250
26.4;183.0;250
26.1;171.0;250
23.7;169.0;250
20.4;127.0;250
19.2;125.0;250
20.3;132.0;250
21.7;151.0;250
19.9;135.0;250
19.6;146.0;250
19.6;151.0;250
17.1;113.0;250
17.4;132.0;250
18.0;144.0;250
16.5;113.0;250
15.6;98.0;250
14.4;74.0;250
12.2;65.0;250
10.7;86.0;250
11.2;100.0;250
13.9;82.0;250
13.0;110.0;250
13.9;78.0;250

null
Actual speed;power;absolute resistance
14.4;78.0;350
16.5;136.0;350
21.3;186.0;350
22.2;226.0;350
23.1;272.0;350
27.7;298.0;350
29.1;308.0;350
31.6;354.0;350
36.1;416.0;350
40.3;444.0;350
44.1;496.0;350
48.4;555.0;350
54.0;634.0;350
61.3;692.0;350
68.4;784.0;350
69.9;882.0;350
69.4;877.0;350
67.0;763.0;350
60.7;587.0;350
56.2;488.0;350
51.4;437.0;350
46.8;404.0;350
42.2;363.0;350
38.7;315.0;350
31.6;304.0;350
30.7;277.0;350
29.7;280.0;350
27.8;268.0;350
28.0;253.0;350
26.6;273.0;350
26.8;266.0;350
27.8;288.0;350
27.9;260.0;350
26.7;217.0;350
22.9;209.0;350
22.2;193.0;350
21.7;221.0;350
20.4;209.0;350
17.0;167.0;350
14.8;137.0;350
15.2;145.0;350
16.2;148.0;350
17.2;162.0;350
16.8;166.0;350
16.6;172.0;350
16.3;172.0;350
14.3;135.0;350
12.0;111.0;350
11.9;116.0;350
11.5;100.0;350
10.2;80.0;350
9.3;64.0;350
10.3;84.0;350
10.0;84.0;350
9.8;77.0;350
9.2;83.0;350
9.3;94.0;350

null
Actual speed;power;absolute resistance
20.3;124.0;450
18.6;196.0;450
18.8;216.0;450
20.3;252.0;450
19.9;265.0;450
18.3;239.0;450
21.6;290.0;450
22.1;280.0;450
21.7;308.0;450
24.1;330.0;450
25.9;320.0;450
24.8;356.0;450
30.0;361.0;450
28.8;404.0;450
35.0;446.0;450
37.2;470.0;450
40.3;505.0;450
43.1;545.0;450
46.2;585.0;450
48.3;618.0;450
49.8;629.0;450
48.8;609.0;450
48.0;601.0;450
42.7;520.0;450
34.3;414.0;450
25.7;316.0;450
22.4;261.0;450
20.1;248.0;450
20.1;241.0;450
19.4;247.0;450
19.1;232.0;450
18.4;232.0;450
18.6;217.0;450
17.8;201.0;450
16.2;220.0;450
17.0;223.0;450
16.8;223.0;450
16.9;224.0;450
17.7;222.0;450
13.0;156.0;450
12.0;150.0;450
13.2;174.0;450
14.0;172.0;450
10.2;99.0;450
11.1;129.0;450
10.5;119.0;450
10.8;104.0;450
10.4;110.0;450
10.3;102.0;450
9.4;82.0;450

null
Actual speed;power;absolute resistance
19.2;104.0;550
15.0;148.0;550
12.5;182.0;550
14.0;224.0;550
15.9;254.0;550
16.6;290.0;550
18.9;312.0;550
19.8;333.0;550
21.9;326.0;550
20.5;315.0;550
23.7;362.0;550
24.9;389.0;550
25.1;379.0;550
24.8;382.0;550
23.9;365.0;550
23.3;365.0;550
23.8;367.0;550
23.5;377.0;550
24.9;386.0;550
24.9;336.0;550
23.3;393.0;550
26.0;406.0;550
26.3;347.0;550
27.2;458.0;550
29.7;493.0;550
33.0;536.0;550
35.0;531.0;550
34.5;482.0;550
30.7;362.0;550
22.8;266.0;550
19.0;241.0;550
15.5;232.0;550
14.9;212.0;550
13.9;191.0;550
13.1;194.0;550
13.2;195.0;550
13.1;204.0;550
13.1;193.0;550
13.0;197.0;550
13.1;206.0;550
13.1;202.0;550
12.8;203.0;550
13.0;205.0;550
13.1;202.0;550
12.8;205.0;550
13.1;203.0;550
13.0;207.0;550
13.4;202.0;550
13.5;198.0;550
13.3;149.0;550
10.4;149.0;550
10.8;143.0;550
9.5;114.0;550
9.8;116.0;550
9.9;131.0;550
9.9;133.0;550

null
Actual speed;power;absolute resistance
9.4;124.0;650
9.0;110.0;650
9.2;132.0;650
9.0;120.0;650
9.5;164.0;650
10.4;192.0;650
11.6;204.0;650
12.0;222.0;650
13.2;241.0;650
14.0;251.0;650
14.1;258.0;650
15.3;276.0;650
13.3;247.0;650
14.2;267.0;650
14.7;273.0;650
14.8;274.0;650
16.2;328.0;650
17.9;318.0;650
17.7;321.0;650
17.9;324.0;650
18.1;317.0;650
19.0;366.0;650
20.7;375.0;650
21.5;431.0;650
23.3;448.0;650
24.9;482.0;650
26.7;515.0;650
28.0;509.0;650
27.6;525.0;650
28.8;545.0;650
29.5;546.0;650
29.6;555.0;650
30.1;548.0;650
29.8;444.0;650
24.2;333.0;650
14.9;217.0;650
12.2;226.0;650
12.1;231.0;650
12.3;205.0;650
12.1;220.0;650
12.5;150.0;650
11.3;201.0;650
11.4;236.0;650
12.9;202.0;650
10.7;188.0;650
11.4;195.0;650
10.9;183.0;650
11.3;196.0;650
11.0;172.0;650
11.1;171.0;650
10.2;144.0;650
10.3;169.0;650
10.1;154.0;650
10.4;165.0;650
8.4;109.0;650

null
Actual speed;power;absolute resistance
0.0;95.0;750
17.8;119.0;750
20.1;232.0;750
15.1;267.0;750
12.8;209.0;750
11.6;224.0;750
11.8;275.0;750
13.4;311.0;750
16.8;353.0;750
17.3;361.0;750
17.2;357.0;750
17.4;371.0;750
17.4;365.0;750
17.4;378.0;750
17.8;371.0;750
17.5;359.0;750
17.9;369.0;750
18.5;386.0;750
18.8;393.0;750
18.6;381.0;750
18.5;386.0;750
18.4;393.0;750
22.9;476.0;750
24.6;509.0;750
25.1;532.0;750
25.3;532.0;750
22.9;481.0;750
24.8;493.0;750
25.2;531.0;750
25.6;545.0;750
26.3;541.0;750
25.9;566.0;750
20.5;429.0;750
12.6;236.0;750
10.8;182.0;750
10.5;187.0;750
10.5;199.0;750
11.4;200.0;750
11.0;217.0;750
11.3;235.0;750
11.5;232.0;750
11.2;212.0;750
10.7;191.0;750
10.6;205.0;750
10.3;181.0;750
9.5;163.0;750
9.9;154.0;750
8.7;129.0;750
9.0;126.0;750
8.8;139.0;750
8.4;117.0;750
7.3;77.0;750
7.1;77.0;750
7.1;88.0;750
7.3;94.0;750
7.2;86.0;750

null
Actual speed;power;absolute resistance
12.1;62.0;850
13.9;78.0;850
10.8;157.0;850
11.2;228.0;850
12.1;268.0;850
12.7;289.0;850
13.1;301.0;850
13.3;305.0;850
13.5;323.0;850
15.0;352.0;850
15.1;350.0;850
15.5;372.0;850
14.9;355.0;850
14.7;354.0;850
15.1;345.0;850
14.6;347.0;850
15.2;349.0;850
15.2;352.0;850
14.7;351.0;850
15.6;357.0;850
14.4;339.0;850
14.5;334.0;850
13.5;341.0;850
13.8;303.0;850
13.1;319.0;850
13.6;296.0;850
13.4;312.0;850
13.8;339.0;850
11.7;280.0;850
11.8;257.0;850
13.0;316.0;850
13.6;332.0;850
14.3;332.0;850
14.5;330.0;850
14.7;350.0;850
14.6;352.0;850
10.2;207.0;850
9.5;144.0;850
9.0;153.0;850
9.1;152.0;850
8.6;147.0;850
9.3;104.0;850
7.8;95.0;850
7.2;100.0;850
7.2;93.0;850
7.1;74.0;850
6.5;51.0;850
5.8;48.0;850
5.6;40.0;850
5.5;42.0;850
5.4;33.0;850
4.9;51.0;850
5.4;60.0;850
5.7;58.0;850
5.9;62.0;850
5.8;54.0;850
5.3;37.0;850
5.4;50.0;850
0.0;0.0;850
